  -139153977 -1409491120  -669834330  1330844694
 -1271094889 -1089897251  1624242110  -173504047
   219071829    46467937   262632384  -148377070
   890647545  1661326264   540263409 -1533977219
   101859911  -368808521  -490517150  1756007554
  1303191925  -982504369  1576623412   152235101
   154730758  1565717848  -204889940  -309959228
 -1584142746 -1178662703 -1479619407 -1544302922
  1042400710  1143640350  1162146150 -1694136743
  -190869064 -1794574531 -1209114799  1970645961
   420525609  1051755693 -1945431699  1827428525
    63691580  -591039835  1319914698   614500626
 -2005653927 -1390760677  2012621475  -692637265
 -1452289729 -1143668639  1650795227 -1121734849
    18591678 -1710146216  -731726411  1290249444
  1223846534  1709767744   827222604    17067365
  -228623853  -960899600  2084225406 -1564114635
   131456440  -585360962   596526692  -127615594
   272134390  2140714812  -236102624   -93374392
  1326169993 -2124605229  1883382384  2136754379
   567362325 -1681467577  1210038834 -1017288742
  1478627198   147753834 -2064362297   246956987
  -111552481  1796675526  1671614449    -5076815
  -186824182   615684952   539121416   576642472
 -1048052706 -2069571021  -559476723   687690318
  -969259973  -333156319  -128217912 -1728929725
 -1988387729  1517497559  1485534606   541292879
   153824611 -1989994743   -82134766  1292965112
   101574123   998194121   501251840   -57832633
   224962425 -1677383338 -1815068910  1592044104
   333890523  -890440794  1813056504  2087385979
  1898021770  1573368592  2035244830   822001108
 -1551869800  1454570839   178017354  -843054952
 -1276162311  1431630056   968655097   715080274
   378871884  1382153042  1636410778   583087706
     6727558   307753333  2073350603    38491701
   765103194 -1293652409 -1327294124   614431832
 -1730755184 -1913141275
